id,PAAC1_A,PAAC1_C,PAAC1_D,PAAC1_E,PAAC1_F,PAAC1_G,PAAC1_H,PAAC1_I,PAAC1_K,PAAC1_L,PAAC1_M,PAAC1_N,PAAC1_P,PAAC1_Q,PAAC1_R,PAAC1_S,PAAC1_T,PAAC1_V,PAAC1_W,PAAC1_Y,PAAC1_lam1
0,0.0,0.0,0.0,33.33,0.0,25.0,8.33,0.0,8.33,0.0,0.0,8.33,0.0,16.67,0.0,0.0,0.0,0.0,0.0,0.0,0.05
0,0.0,0.0,0.0,0.0,0.0,75.0,0.0,0.0,0.0,25.0,0.0,0.0,0.0,0.0,0.0,0.0,0.0,0.0,0.0,0.0,0.0499
1,0.0,0.0,0.0,50.0,0.0,50.0,0.0,0.0,0.0,0.0,0.0,0.0,0.0,0.0,0.0,0.0,0.0,0.0,0.0,0.0,0.1409
0,0.0,0.0,0.0,0.0,0.0,0.0,0.0,0.0,0.0,0.0,0.0,0.0,0.0,0.0,0.0,0.0,0.0,0.0,0.0,100.0,0.0
0,0.0,0.0,0.0,25.0,0.0,0.0,0.0,0.0,0.0,25.0,0.0,25.0,0.0,0.0,0.0,0.0,0.0,25.0,0.0,0.0,0.0778
1,0.0,0.0,50.0,0.0,0.0,0.0,0.0,0.0,0.0,0.0,0.0,0.0,0.0,0.0,0.0,0.0,0.0,50.0,0.0,0.0,0.1448
0,0.0,0.0,0.0,0.0,16.67,0.0,0.0,16.67,16.67,0.0,0.0,0.0,33.33,0.0,0.0,0.0,0.0,16.67,0.0,0.0,0.044
1,0.0,0.0,0.0,0.0,0.0,66.67,0.0,0.0,0.0,0.0,0.0,0.0,0.0,0.0,0.0,0.0,0.0,0.0,0.0,33.33,0.1041
0,0.0,0.0,0.0,0.0,0.0,75.0,0.0,0.0,0.0,25.0,0.0,0.0,0.0,0.0,0.0,0.0,0.0,0.0,0.0,0.0,0.0256
1,0.0,0.0,0.0,0.0,12.5,25.0,0.0,0.0,0.0,0.0,0.0,0.0,25.0,0.0,0.0,0.0,12.5,12.5,0.0,12.5,0.0561
0,0.0,0.0,0.0,0.0,50.0,0.0,0.0,0.0,0.0,0.0,0.0,0.0,50.0,0.0,0.0,0.0,0.0,0.0,0.0,0.0,0.0303
0,0.0,0.0,0.0,0.0,33.33,0.0,0.0,0.0,0.0,0.0,0.0,0.0,66.67,0.0,0.0,0.0,0.0,0.0,0.0,0.0,0.0448
0,0.0,0.0,0.0,0.0,0.0,0.0,0.0,0.0,0.0,0.0,0.0,0.0,50.0,0.0,0.0,0.0,0.0,0.0,0.0,50.0,0.0934
0,0.0,0.0,0.0,0.0,10.0,30.0,10.0,10.0,0.0,0.0,0.0,10.0,10.0,0.0,0.0,0.0,0.0,10.0,0.0,10.0,0.07
1,0.0,0.0,0.0,50.0,0.0,0.0,0.0,0.0,0.0,50.0,0.0,0.0,0.0,0.0,0.0,0.0,0.0,0.0,0.0,0.0,0.1458
0,0.0,0.0,0.0,0.0,10.0,30.0,0.0,10.0,0.0,0.0,0.0,0.0,30.0,0.0,0.0,0.0,0.0,10.0,0.0,10.0,0.0613
1,66.67,0.0,0.0,0.0,0.0,0.0,0.0,0.0,0.0,0.0,0.0,0.0,33.33,0.0,0.0,0.0,0.0,0.0,0.0,0.0,0.0094
1,0.0,0.0,33.33,0.0,0.0,66.67,0.0,0.0,0.0,0.0,0.0,0.0,0.0,0.0,0.0,0.0,0.0,0.0,0.0,0.0,0.0645
1,0.0,0.0,33.33,0.0,0.0,0.0,0.0,0.0,0.0,0.0,0.0,0.0,0.0,33.33,33.33,0.0,0.0,0.0,0.0,0.0,0.0664
0,0.0,0.0,0.0,0.0,11.11,11.11,0.0,11.11,0.0,0.0,0.0,11.11,44.44,0.0,0.0,11.11,0.0,0.0,0.0,0.0,0.0462
0,0.0,0.0,0.0,14.29,0.0,0.0,0.0,0.0,0.0,42.86,0.0,0.0,0.0,14.29,14.29,0.0,0.0,0.0,0.0,14.29,0.1077
1,0.0,0.0,0.0,33.33,0.0,0.0,0.0,0.0,0.0,0.0,0.0,0.0,33.33,0.0,0.0,0.0,33.33,0.0,0.0,0.0,0.0701
0,0.0,0.0,0.0,0.0,22.22,44.44,0.0,0.0,0.0,0.0,0.0,0.0,22.22,0.0,11.11,0.0,0.0,0.0,0.0,0.0,0.074
0,0.0,0.0,0.0,0.0,33.33,0.0,0.0,0.0,0.0,0.0,0.0,0.0,33.33,0.0,0.0,0.0,0.0,0.0,0.0,33.33,0.0896
1,0.0,0.0,0.0,50.0,0.0,0.0,0.0,0.0,0.0,0.0,0.0,50.0,0.0,0.0,0.0,0.0,0.0,0.0,0.0,0.0,0.0396
1,0.0,0.0,0.0,50.0,0.0,0.0,0.0,0.0,0.0,0.0,0.0,0.0,0.0,0.0,0.0,50.0,0.0,0.0,0.0,0.0,0.0675
0,0.0,0.0,0.0,0.0,6.67,13.33,0.0,6.67,0.0,6.67,0.0,0.0,26.67,13.33,6.67,0.0,0.0,13.33,0.0,6.67,0.0859
0,33.33,0.0,0.0,0.0,0.0,0.0,0.0,0.0,33.33,0.0,0.0,0.0,33.33,0.0,0.0,0.0,0.0,0.0,0.0,0.0,0.0589
1,0.0,0.0,9.09,0.0,9.09,0.0,0.0,9.09,0.0,18.18,0.0,9.09,9.09,9.09,9.09,0.0,9.09,9.09,0.0,0.0,0.0632
1,12.5,0.0,12.5,25.0,0.0,12.5,0.0,0.0,12.5,12.5,0.0,0.0,0.0,0.0,0.0,12.5,0.0,0.0,0.0,0.0,0.0615
0,0.0,0.0,0.0,0.0,28.57,28.57,0.0,0.0,0.0,0.0,0.0,0.0,28.57,0.0,14.29,0.0,0.0,0.0,0.0,0.0,0.0962
0,0.0,0.0,0.0,0.0,50.0,0.0,0.0,0.0,0.0,0.0,0.0,0.0,0.0,0.0,0.0,0.0,0.0,50.0,0.0,0.0,0.0451
1,0.0,0.0,33.33,0.0,0.0,66.67,0.0,0.0,0.0,0.0,0.0,0.0,0.0,0.0,0.0,0.0,0.0,0.0,0.0,0.0,0.1211
1,0.0,0.0,0.0,0.0,0.0,50.0,0.0,0.0,0.0,0.0,0.0,0.0,0.0,0.0,0.0,0.0,0.0,50.0,0.0,0.0,0.0471
0,5.56,0.0,0.0,11.11,11.11,0.0,5.56,0.0,16.67,0.0,11.11,0.0,27.78,0.0,0.0,0.0,0.0,5.56,0.0,5.56,0.0806
0,0.0,0.0,0.0,33.33,0.0,0.0,0.0,0.0,0.0,66.67,0.0,0.0,0.0,0.0,0.0,0.0,0.0,0.0,0.0,0.0,0.0786
0,0.0,0.0,0.0,0.0,0.0,75.0,0.0,0.0,0.0,25.0,0.0,0.0,0.0,0.0,0.0,0.0,0.0,0.0,0.0,0.0,0.0256
0,0.0,0.0,0.0,6.67,6.67,13.33,0.0,6.67,0.0,6.67,0.0,0.0,26.67,6.67,6.67,0.0,0.0,13.33,0.0,6.67,0.0905
1,16.67,0.0,0.0,33.33,0.0,0.0,0.0,0.0,0.0,16.67,0.0,0.0,16.67,0.0,0.0,0.0,0.0,16.67,0.0,0.0,0.0606
0,0.0,0.0,0.0,0.0,33.33,16.67,0.0,0.0,0.0,0.0,0.0,0.0,33.33,0.0,16.67,0.0,0.0,0.0,0.0,0.0,0.0929
1,0.0,0.0,33.33,33.33,33.33,0.0,0.0,0.0,0.0,0.0,0.0,0.0,0.0,0.0,0.0,0.0,0.0,0.0,0.0,0.0,0.1082
0,0.0,0.0,0.0,0.0,25.0,0.0,0.0,0.0,0.0,0.0,0.0,0.0,75.0,0.0,0.0,0.0,0.0,0.0,0.0,0.0,0.0588
0,0.0,0.0,0.0,0.0,50.0,0.0,0.0,0.0,0.0,0.0,0.0,0.0,25.0,0.0,25.0,0.0,0.0,0.0,0.0,0.0,0.1288
0,0.0,0.0,0.0,0.0,20.0,0.0,0.0,20.0,0.0,0.0,0.0,0.0,40.0,0.0,0.0,0.0,0.0,20.0,0.0,0.0,0.03
1,50.0,0.0,50.0,0.0,0.0,0.0,0.0,0.0,0.0,0.0,0.0,0.0,0.0,0.0,0.0,0.0,0.0,0.0,0.0,0.0,0.1182
0,0.0,0.0,0.0,0.0,14.29,14.29,0.0,28.57,0.0,0.0,0.0,0.0,28.57,0.0,0.0,0.0,0.0,14.29,0.0,0.0,0.0436
0,10.0,0.0,10.0,20.0,0.0,10.0,10.0,10.0,0.0,0.0,0.0,10.0,20.0,0.0,0.0,0.0,0.0,0.0,0.0,0.0,0.0761
0,0.0,0.0,0.0,25.0,50.0,0.0,0.0,0.0,0.0,0.0,0.0,0.0,25.0,0.0,0.0,0.0,0.0,0.0,0.0,0.0,0.0527
1,0.0,0.0,33.33,33.33,0.0,0.0,0.0,0.0,0.0,0.0,0.0,0.0,0.0,0.0,0.0,0.0,0.0,33.33,0.0,0.0,0.0798
0,0.0,0.0,0.0,0.0,12.5,12.5,0.0,25.0,0.0,0.0,0.0,0.0,25.0,0.0,12.5,0.0,0.0,12.5,0.0,0.0,0.086
1,0.0,0.0,0.0,16.67,0.0,16.67,0.0,0.0,16.67,0.0,0.0,0.0,0.0,0.0,33.33,0.0,0.0,0.0,0.0,16.67,0.1809
1,0.0,0.0,0.0,0.0,50.0,0.0,0.0,0.0,0.0,0.0,0.0,0.0,0.0,0.0,0.0,50.0,0.0,0.0,0.0,0.0,0.1199
1,0.0,0.0,0.0,33.33,0.0,0.0,0.0,0.0,0.0,33.33,0.0,0.0,0.0,0.0,0.0,0.0,0.0,33.33,0.0,0.0,0.1457
0,0.0,0.0,50.0,0.0,0.0,0.0,0.0,0.0,0.0,0.0,0.0,0.0,0.0,0.0,0.0,0.0,0.0,0.0,0.0,50.0,0.1659
0,0.0,0.0,0.0,0.0,60.0,0.0,0.0,0.0,0.0,0.0,0.0,0.0,20.0,0.0,20.0,0.0,0.0,0.0,0.0,0.0,0.1365
1,0.0,0.0,0.0,0.0,0.0,0.0,0.0,0.0,0.0,0.0,0.0,0.0,0.0,0.0,25.0,25.0,0.0,25.0,0.0,25.0,0.1999
0,0.0,0.0,0.0,0.0,7.69,7.69,7.69,0.0,0.0,7.69,0.0,23.08,23.08,7.69,0.0,0.0,0.0,7.69,7.69,0.0,0.0679
0,0.0,0.0,0.0,0.0,16.67,0.0,0.0,0.0,0.0,16.67,0.0,0.0,33.33,16.67,0.0,0.0,0.0,16.67,0.0,0.0,0.0443
0,0.0,0.0,0.0,0.0,0.0,42.86,0.0,0.0,0.0,0.0,0.0,0.0,28.57,0.0,14.29,0.0,0.0,14.29,0.0,0.0,0.0771
1,30.0,0.0,10.0,0.0,0.0,0.0,10.0,10.0,10.0,0.0,0.0,0.0,0.0,10.0,10.0,0.0,0.0,10.0,0.0,0.0,0.0886
0,0.0,0.0,0.0,0.0,0.0,0.0,0.0,50.0,50.0,0.0,0.0,0.0,0.0,0.0,0.0,0.0,0.0,0.0,0.0,0.0,0.2059
0,0.0,0.0,0.0,0.0,33.33,0.0,0.0,0.0,0.0,0.0,0.0,0.0,33.33,0.0,33.33,0.0,0.0,0.0,0.0,0.0,0.0608
0,0.0,0.0,0.0,50.0,0.0,0.0,0.0,50.0,0.0,0.0,0.0,0.0,0.0,0.0,0.0,0.0,0.0,0.0,0.0,0.0,0.1615
0,0.0,0.0,0.0,0.0,0.0,33.33,0.0,0.0,0.0,0.0,0.0,0.0,0.0,0.0,0.0,0.0,0.0,66.67,0.0,0.0,0.0241
1,0.0,0.0,0.0,0.0,25.0,0.0,0.0,0.0,0.0,0.0,0.0,25.0,0.0,0.0,25.0,0.0,25.0,0.0,0.0,0.0,0.1258
0,0.0,0.0,0.0,0.0,33.33,0.0,0.0,0.0,33.33,0.0,0.0,0.0,33.33,0.0,0.0,0.0,0.0,0.0,0.0,0.0,0.091
1,20.0,0.0,0.0,20.0,0.0,0.0,0.0,0.0,20.0,0.0,0.0,0.0,0.0,20.0,0.0,20.0,0.0,0.0,0.0,0.0,0.0595
0,0.0,0.0,0.0,0.0,50.0,0.0,0.0,0.0,0.0,50.0,0.0,0.0,0.0,0.0,0.0,0.0,0.0,0.0,0.0,0.0,0.0233
0,0.0,0.0,0.0,0.0,0.0,50.0,0.0,0.0,0.0,0.0,0.0,0.0,0.0,0.0,0.0,0.0,0.0,0.0,50.0,0.0,0.266
0,0.0,0.0,0.0,0.0,9.09,0.0,9.09,0.0,0.0,9.09,0.0,18.18,18.18,9.09,0.0,9.09,9.09,0.0,9.09,0.0,0.0575
0,0.0,0.0,0.0,0.0,33.33,33.33,0.0,0.0,0.0,0.0,0.0,0.0,16.67,0.0,16.67,0.0,0.0,0.0,0.0,0.0,0.0927
0,14.29,0.0,14.29,14.29,0.0,0.0,14.29,0.0,0.0,14.29,0.0,0.0,14.29,0.0,14.29,0.0,0.0,0.0,0.0,0.0,0.0868
0,0.0,0.0,0.0,0.0,0.0,0.0,0.0,0.0,0.0,50.0,0.0,0.0,50.0,0.0,0.0,0.0,0.0,0.0,0.0,0.0,0.0338
1,14.29,0.0,0.0,0.0,14.29,0.0,14.29,0.0,0.0,0.0,0.0,0.0,0.0,0.0,14.29,14.29,0.0,14.29,0.0,14.29,0.1419
0,20.0,0.0,0.0,20.0,0.0,0.0,0.0,0.0,0.0,20.0,0.0,20.0,20.0,0.0,0.0,0.0,0.0,0.0,0.0,0.0,0.0527
0,0.0,0.0,0.0,0.0,0.0,75.0,0.0,0.0,0.0,25.0,0.0,0.0,0.0,0.0,0.0,0.0,0.0,0.0,0.0,0.0,0.0499
0,0.0,0.0,0.0,0.0,16.67,0.0,0.0,0.0,0.0,16.67,0.0,16.67,16.67,16.67,0.0,16.67,0.0,0.0,0.0,0.0,0.0489
1,0.0,0.0,50.0,50.0,0.0,0.0,0.0,0.0,0.0,0.0,0.0,0.0,0.0,0.0,0.0,0.0,0.0,0.0,0.0,0.0,0.004
0,0.0,0.0,0.0,0.0,9.09,9.09,9.09,9.09,0.0,9.09,0.0,9.09,27.27,0.0,0.0,0.0,0.0,9.09,0.0,9.09,0.0556
1,0.0,0.0,33.33,66.67,0.0,0.0,0.0,0.0,0.0,0.0,0.0,0.0,0.0,0.0,0.0,0.0,0.0,0.0,0.0,0.0,0.004
0,0.0,0.0,0.0,0.0,14.29,42.86,0.0,0.0,0.0,0.0,0.0,0.0,28.57,0.0,14.29,0.0,0.0,0.0,0.0,0.0,0.121
0,0.0,0.0,0.0,0.0,14.29,14.29,0.0,14.29,0.0,0.0,0.0,0.0,57.14,0.0,0.0,0.0,0.0,0.0,0.0,0.0,0.0549
1,0.0,0.0,0.0,33.33,0.0,0.0,0.0,0.0,0.0,0.0,0.0,0.0,0.0,0.0,0.0,0.0,0.0,66.67,0.0,0.0,0.1457
0,0.0,0.0,0.0,0.0,25.0,50.0,0.0,0.0,0.0,0.0,0.0,0.0,12.5,0.0,12.5,0.0,0.0,0.0,0.0,0.0,0.1135
0,0.0,0.0,0.0,0.0,50.0,25.0,0.0,0.0,0.0,0.0,0.0,0.0,25.0,0.0,0.0,0.0,0.0,0.0,0.0,0.0,0.0406
0,0.0,0.0,0.0,0.0,50.0,0.0,0.0,50.0,0.0,0.0,0.0,0.0,0.0,0.0,0.0,0.0,0.0,0.0,0.0,0.0,0.0236
0,0.0,0.0,0.0,66.67,0.0,0.0,0.0,0.0,0.0,0.0,0.0,33.33,0.0,0.0,0.0,0.0,0.0,0.0,0.0,0.0,0.0202
0,0.0,0.0,0.0,0.0,50.0,0.0,0.0,0.0,0.0,0.0,0.0,0.0,0.0,0.0,0.0,0.0,0.0,0.0,0.0,50.0,0.0197
0,50.0,0.0,0.0,0.0,0.0,0.0,0.0,0.0,0.0,50.0,0.0,0.0,0.0,0.0,0.0,0.0,0.0,0.0,0.0,0.0,0.042
1,0.0,0.0,0.0,16.67,0.0,0.0,0.0,0.0,0.0,16.67,0.0,0.0,16.67,0.0,16.67,16.67,0.0,0.0,0.0,16.67,0.1034
0,0.0,0.0,0.0,0.0,25.0,25.0,0.0,0.0,0.0,0.0,0.0,0.0,25.0,0.0,25.0,0.0,0.0,0.0,0.0,0.0,0.1305
0,0.0,0.0,0.0,0.0,0.0,0.0,0.0,0.0,0.0,50.0,0.0,0.0,0.0,0.0,0.0,0.0,0.0,0.0,0.0,50.0,0.0551
1,50.0,0.0,0.0,0.0,0.0,0.0,0.0,0.0,0.0,12.5,0.0,0.0,0.0,37.5,0.0,0.0,0.0,0.0,0.0,0.0,0.0826
1,0.0,0.0,0.0,50.0,0.0,50.0,0.0,0.0,0.0,0.0,0.0,0.0,0.0,0.0,0.0,0.0,0.0,0.0,0.0,0.0,0.1409
0,0.0,0.0,0.0,0.0,14.29,14.29,0.0,14.29,0.0,0.0,0.0,0.0,28.57,0.0,14.29,0.0,0.0,14.29,0.0,0.0,0.099
1,10.0,0.0,10.0,0.0,0.0,10.0,0.0,0.0,0.0,10.0,0.0,10.0,20.0,0.0,20.0,0.0,0.0,10.0,0.0,0.0,0.1173
0,0.0,0.0,0.0,0.0,50.0,0.0,0.0,0.0,50.0,0.0,0.0,0.0,0.0,0.0,0.0,0.0,0.0,0.0,0.0,0.0,0.2164
1,0.0,20.0,0.0,0.0,0.0,0.0,40.0,0.0,0.0,0.0,0.0,20.0,0.0,0.0,0.0,0.0,20.0,0.0,0.0,0.0,0.0257
0,0.0,0.0,0.0,0.0,25.0,25.0,0.0,0.0,0.0,0.0,0.0,0.0,25.0,0.0,25.0,0.0,0.0,0.0,0.0,0.0,0.1455
0,0.0,0.0,0.0,0.0,16.67,0.0,0.0,16.67,0.0,0.0,0.0,0.0,33.33,0.0,16.67,0.0,0.0,16.67,0.0,0.0,0.066
0,0.0,0.0,0.0,0.0,42.86,14.29,0.0,0.0,0.0,0.0,0.0,0.0,28.57,0.0,14.29,0.0,0.0,0.0,0.0,0.0,0.0787
0,0.0,0.0,0.0,0.0,0.0,50.0,0.0,0.0,0.0,50.0,0.0,0.0,0.0,0.0,0.0,0.0,0.0,0.0,0.0,0.0,0.0731
0,0.0,0.0,0.0,0.0,0.0,50.0,0.0,0.0,0.0,0.0,0.0,0.0,0.0,0.0,50.0,0.0,0.0,0.0,0.0,0.0,0.2781
0,12.5,0.0,0.0,0.0,12.5,0.0,0.0,0.0,12.5,25.0,0.0,0.0,12.5,12.5,0.0,0.0,0.0,0.0,0.0,12.5,0.0794
1,0.0,0.0,0.0,50.0,0.0,0.0,0.0,0.0,0.0,50.0,0.0,0.0,0.0,0.0,0.0,0.0,0.0,0.0,0.0,0.0,0.1458
0,0.0,0.0,12.5,12.5,0.0,12.5,12.5,12.5,0.0,0.0,0.0,12.5,25.0,0.0,0.0,0.0,0.0,0.0,0.0,0.0,0.0865
0,0.0,0.0,0.0,0.0,0.0,0.0,0.0,50.0,0.0,50.0,0.0,0.0,0.0,0.0,0.0,0.0,0.0,0.0,0.0,0.0,0.0018
0,0.0,0.0,0.0,0.0,0.0,33.33,0.0,0.0,0.0,0.0,0.0,0.0,33.33,0.0,33.33,0.0,0.0,0.0,0.0,0.0,0.2352
0,0.0,0.0,0.0,20.0,0.0,20.0,0.0,0.0,0.0,0.0,0.0,20.0,0.0,0.0,0.0,20.0,0.0,0.0,0.0,20.0,0.0997
0,0.0,0.0,0.0,0.0,0.0,50.0,0.0,0.0,0.0,0.0,0.0,0.0,50.0,0.0,0.0,0.0,0.0,0.0,0.0,0.0,0.0321
0,0.0,0.0,0.0,0.0,33.33,0.0,0.0,0.0,0.0,0.0,0.0,0.0,66.67,0.0,0.0,0.0,0.0,0.0,0.0,0.0,0.0448
0,0.0,0.0,0.0,0.0,66.67,33.33,0.0,0.0,0.0,0.0,0.0,0.0,0.0,0.0,0.0,0.0,0.0,0.0,0.0,0.0,0.1577
1,0.0,0.0,0.0,50.0,0.0,0.0,0.0,0.0,0.0,0.0,0.0,0.0,0.0,0.0,0.0,0.0,0.0,0.0,0.0,50.0,0.1466
0,0.0,0.0,0.0,0.0,0.0,50.0,0.0,0.0,0.0,50.0,0.0,0.0,0.0,0.0,0.0,0.0,0.0,0.0,0.0,0.0,0.0731
0,0.0,0.0,0.0,0.0,0.0,33.33,0.0,0.0,0.0,0.0,0.0,0.0,33.33,0.0,33.33,0.0,0.0,0.0,0.0,0.0,0.173
1,0.0,33.33,0.0,0.0,0.0,0.0,0.0,0.0,16.67,0.0,0.0,16.67,0.0,0.0,0.0,16.67,0.0,16.67,0.0,0.0,0.0427
0,0.0,0.0,0.0,0.0,66.67,33.33,0.0,0.0,0.0,0.0,0.0,0.0,0.0,0.0,0.0,0.0,0.0,0.0,0.0,0.0,0.0856
0,0.0,0.0,0.0,28.57,0.0,0.0,0.0,0.0,0.0,0.0,0.0,14.29,14.29,42.86,0.0,0.0,0.0,0.0,0.0,0.0,0.0242
0,0.0,0.0,0.0,0.0,0.0,33.33,0.0,0.0,0.0,0.0,0.0,0.0,66.67,0.0,0.0,0.0,0.0,0.0,0.0,0.0,0.0321
0,0.0,0.0,0.0,0.0,100.0,0.0,0.0,0.0,0.0,0.0,0.0,0.0,0.0,0.0,0.0,0.0,0.0,0.0,0.0,0.0,0.0
0,12.5,0.0,0.0,37.5,0.0,12.5,0.0,0.0,0.0,12.5,0.0,12.5,0.0,12.5,0.0,0.0,0.0,0.0,0.0,0.0,0.0248
0,0.0,0.0,0.0,0.0,0.0,0.0,0.0,0.0,0.0,0.0,0.0,0.0,0.0,0.0,100.0,0.0,0.0,0.0,0.0,0.0,0.0
0,5.0,0.0,5.0,0.0,10.0,5.0,5.0,5.0,5.0,5.0,0.0,0.0,20.0,15.0,0.0,5.0,5.0,5.0,0.0,5.0,0.0662
0,0.0,0.0,0.0,0.0,0.0,0.0,0.0,0.0,0.0,0.0,0.0,0.0,33.33,0.0,0.0,0.0,0.0,33.33,0.0,33.33,0.088
0,0.0,0.0,0.0,0.0,40.0,40.0,0.0,0.0,0.0,0.0,0.0,0.0,20.0,0.0,0.0,0.0,0.0,0.0,0.0,0.0,0.0308
0,5.88,0.0,0.0,11.76,11.76,0.0,5.88,0.0,17.65,0.0,5.88,0.0,29.41,0.0,0.0,0.0,0.0,5.88,0.0,5.88,0.0815
1,0.0,0.0,0.0,12.5,0.0,0.0,0.0,0.0,0.0,0.0,0.0,12.5,0.0,12.5,25.0,37.5,0.0,0.0,0.0,0.0,0.0892
0,0.0,0.0,0.0,0.0,40.0,20.0,0.0,0.0,0.0,0.0,0.0,0.0,20.0,0.0,20.0,0.0,0.0,0.0,0.0,0.0,0.1012
0,0.0,0.0,0.0,0.0,16.67,33.33,0.0,16.67,0.0,0.0,0.0,0.0,0.0,0.0,16.67,0.0,0.0,16.67,0.0,0.0,0.1075
0,0.0,0.0,0.0,0.0,0.0,40.0,0.0,0.0,0.0,0.0,0.0,0.0,0.0,0.0,0.0,0.0,0.0,60.0,0.0,0.0,0.0122
0,0.0,0.0,8.33,8.33,0.0,0.0,8.33,0.0,0.0,33.33,0.0,8.33,16.67,0.0,0.0,0.0,8.33,8.33,0.0,0.0,0.061
0,0.0,0.0,0.0,0.0,0.0,42.86,0.0,14.29,0.0,0.0,0.0,0.0,28.57,0.0,14.29,0.0,0.0,0.0,0.0,0.0,0.0945
0,0.0,0.0,0.0,50.0,0.0,0.0,0.0,50.0,0.0,0.0,0.0,0.0,0.0,0.0,0.0,0.0,0.0,0.0,0.0,0.0,0.1615
0,0.0,0.0,0.0,0.0,0.0,0.0,22.22,11.11,22.22,0.0,0.0,0.0,22.22,11.11,11.11,0.0,0.0,0.0,0.0,0.0,0.0958
0,0.0,0.0,0.0,0.0,50.0,0.0,0.0,0.0,0.0,0.0,0.0,0.0,0.0,0.0,0.0,0.0,0.0,0.0,50.0,0.0,0.0332
1,0.0,0.0,33.33,66.67,0.0,0.0,0.0,0.0,0.0,0.0,0.0,0.0,0.0,0.0,0.0,0.0,0.0,0.0,0.0,0.0,0.002
0,0.0,0.0,0.0,0.0,0.0,0.0,0.0,0.0,0.0,100.0,0.0,0.0,0.0,0.0,0.0,0.0,0.0,0.0,0.0,0.0,0.0
0,0.0,0.0,0.0,0.0,33.33,0.0,0.0,33.33,0.0,0.0,0.0,0.0,0.0,0.0,0.0,0.0,0.0,33.33,0.0,0.0,0.0147
0,0.0,0.0,0.0,0.0,33.33,33.33,0.0,0.0,0.0,0.0,0.0,0.0,16.67,0.0,16.67,0.0,0.0,0.0,0.0,0.0,0.1242
0,0.0,0.0,0.0,0.0,0.0,33.33,0.0,16.67,0.0,0.0,16.67,0.0,16.67,0.0,0.0,0.0,0.0,0.0,0.0,16.67,0.0621
1,7.14,0.0,0.0,35.71,0.0,14.29,0.0,7.14,0.0,0.0,0.0,7.14,0.0,0.0,7.14,7.14,7.14,7.14,0.0,0.0,0.0734
0,0.0,0.0,0.0,0.0,9.09,18.18,0.0,18.18,0.0,0.0,0.0,0.0,27.27,0.0,9.09,0.0,0.0,18.18,0.0,0.0,0.0995
0,0.0,0.0,0.0,0.0,0.0,80.0,0.0,0.0,0.0,20.0,0.0,0.0,0.0,0.0,0.0,0.0,0.0,0.0,0.0,0.0,0.0379
0,50.0,0.0,0.0,0.0,0.0,0.0,0.0,0.0,0.0,0.0,0.0,0.0,50.0,0.0,0.0,0.0,0.0,0.0,0.0,0.0,0.0186
1,0.0,0.0,0.0,33.33,0.0,0.0,0.0,16.67,0.0,16.67,0.0,33.33,0.0,0.0,0.0,0.0,0.0,0.0,0.0,0.0,0.0834
0,0.0,0.0,0.0,0.0,33.33,0.0,0.0,0.0,0.0,66.67,0.0,0.0,0.0,0.0,0.0,0.0,0.0,0.0,0.0,0.0,0.0118
0,0.0,0.0,0.0,0.0,0.0,0.0,0.0,0.0,66.67,0.0,0.0,0.0,33.33,0.0,0.0,0.0,0.0,0.0,0.0,0.0,0.0961
0,0.0,0.0,0.0,0.0,11.11,33.33,0.0,11.11,0.0,0.0,0.0,0.0,22.22,0.0,11.11,0.0,0.0,11.11,0.0,0.0,0.1039
0,0.0,0.0,0.0,0.0,0.0,0.0,0.0,0.0,0.0,0.0,0.0,0.0,50.0,0.0,0.0,0.0,0.0,0.0,50.0,0.0,0.1704
0,0.0,0.0,0.0,0.0,14.29,0.0,0.0,0.0,0.0,14.29,0.0,0.0,28.57,0.0,0.0,0.0,0.0,42.86,0.0,0.0,0.0235
0,0.0,0.0,0.0,0.0,33.33,0.0,0.0,33.33,0.0,0.0,0.0,0.0,0.0,0.0,0.0,0.0,0.0,33.33,0.0,0.0,0.0147
0,0.0,0.0,0.0,0.0,0.0,80.0,0.0,0.0,0.0,20.0,0.0,0.0,0.0,0.0,0.0,0.0,0.0,0.0,0.0,0.0,0.0193
0,0.0,0.0,0.0,0.0,33.33,66.67,0.0,0.0,0.0,0.0,0.0,0.0,0.0,0.0,0.0,0.0,0.0,0.0,0.0,0.0,0.0856
0,12.5,0.0,0.0,12.5,25.0,12.5,0.0,0.0,0.0,0.0,0.0,0.0,25.0,0.0,0.0,0.0,0.0,12.5,0.0,0.0,0.0891
0,0.0,0.0,0.0,0.0,0.0,80.0,0.0,0.0,0.0,20.0,0.0,0.0,0.0,0.0,0.0,0.0,0.0,0.0,0.0,0.0,0.0379
0,8.33,0.0,0.0,8.33,33.33,8.33,0.0,0.0,8.33,0.0,0.0,0.0,16.67,0.0,0.0,0.0,0.0,16.67,0.0,0.0,0.0804
0,0.0,0.0,0.0,0.0,0.0,66.67,0.0,0.0,0.0,0.0,0.0,0.0,0.0,0.0,0.0,0.0,0.0,33.33,0.0,0.0,0.0241
1,0.0,16.67,0.0,0.0,0.0,0.0,0.0,0.0,0.0,16.67,16.67,0.0,0.0,0.0,33.33,0.0,16.67,0.0,0.0,0.0,0.1213
1,0.0,0.0,0.0,0.0,0.0,66.67,0.0,0.0,0.0,0.0,0.0,0.0,0.0,0.0,0.0,0.0,0.0,33.33,0.0,0.0,0.0241
0,0.0,0.0,0.0,0.0,50.0,50.0,0.0,0.0,0.0,0.0,0.0,0.0,0.0,0.0,0.0,0.0,0.0,0.0,0.0,0.0,0.0587
0,0.0,0.0,0.0,0.0,50.0,0.0,0.0,0.0,0.0,0.0,0.0,0.0,50.0,0.0,0.0,0.0,0.0,0.0,0.0,0.0,0.0857
1,50.0,0.0,0.0,50.0,0.0,0.0,0.0,0.0,0.0,0.0,0.0,0.0,0.0,0.0,0.0,0.0,0.0,0.0,0.0,0.0,0.1321
0,0.0,0.0,0.0,0.0,0.0,0.0,0.0,0.0,0.0,0.0,0.0,0.0,0.0,0.0,0.0,0.0,0.0,0.0,100.0,0.0,0.0
0,0.0,0.0,50.0,0.0,0.0,0.0,0.0,50.0,0.0,0.0,0.0,0.0,0.0,0.0,0.0,0.0,0.0,0.0,0.0,0.0,0.1669
0,0.0,0.0,0.0,12.5,0.0,12.5,0.0,0.0,0.0,50.0,0.0,0.0,0.0,12.5,0.0,0.0,0.0,0.0,0.0,12.5,0.0867
1,14.29,14.29,0.0,0.0,0.0,0.0,0.0,0.0,0.0,0.0,14.29,0.0,14.29,0.0,28.57,0.0,0.0,14.29,0.0,0.0,0.1404
0,0.0,0.0,0.0,16.67,33.33,0.0,0.0,0.0,0.0,16.67,0.0,0.0,16.67,0.0,0.0,0.0,0.0,0.0,0.0,16.67,0.0725
1,0.0,0.0,0.0,0.0,0.0,0.0,0.0,0.0,0.0,0.0,0.0,66.67,33.33,0.0,0.0,0.0,0.0,0.0,0.0,0.0,0.0095
0,0.0,0.0,0.0,0.0,14.29,14.29,0.0,14.29,0.0,0.0,0.0,0.0,28.57,0.0,14.29,0.0,0.0,14.29,0.0,0.0,0.0829
0,0.0,0.0,0.0,0.0,16.67,16.67,0.0,16.67,0.0,0.0,0.0,0.0,33.33,0.0,0.0,0.0,0.0,16.67,0.0,0.0,0.0304
1,0.0,0.0,50.0,0.0,0.0,50.0,0.0,0.0,0.0,0.0,0.0,0.0,0.0,0.0,0.0,0.0,0.0,0.0,0.0,0.0,0.1211
1,0.0,0.0,0.0,66.67,0.0,0.0,0.0,0.0,0.0,0.0,0.0,0.0,33.33,0.0,0.0,0.0,0.0,0.0,0.0,0.0,0.0682
0,0.0,0.0,0.0,0.0,9.09,45.45,0.0,9.09,0.0,0.0,0.0,0.0,18.18,0.0,9.09,0.0,0.0,9.09,0.0,0.0,0.089
0,0.0,0.0,0.0,0.0,0.0,0.0,0.0,50.0,0.0,0.0,0.0,0.0,0.0,0.0,0.0,0.0,0.0,50.0,0.0,0.0,0.0056
0,0.0,0.0,0.0,0.0,50.0,50.0,0.0,0.0,0.0,0.0,0.0,0.0,0.0,0.0,0.0,0.0,0.0,0.0,0.0,0.0,0.1577
0,0.0,0.0,0.0,0.0,0.0,66.67,0.0,0.0,0.0,0.0,0.0,0.0,0.0,0.0,0.0,0.0,0.0,0.0,0.0,33.33,0.1041
1,12.5,0.0,12.5,25.0,0.0,12.5,0.0,0.0,12.5,12.5,0.0,0.0,0.0,0.0,0.0,12.5,0.0,0.0,0.0,0.0,0.0851
0,0.0,0.0,0.0,0.0,6.67,13.33,0.0,13.33,0.0,6.67,0.0,0.0,26.67,6.67,6.67,0.0,0.0,20.0,0.0,0.0,0.0819
0,10.0,0.0,10.0,20.0,0.0,0.0,10.0,0.0,0.0,10.0,0.0,10.0,10.0,0.0,10.0,0.0,0.0,10.0,0.0,0.0,0.1175
0,50.0,0.0,0.0,0.0,0.0,0.0,0.0,0.0,0.0,50.0,0.0,0.0,0.0,0.0,0.0,0.0,0.0,0.0,0.0,0.0,0.042
0,0.0,0.0,0.0,0.0,14.29,14.29,0.0,14.29,0.0,0.0,0.0,0.0,28.57,0.0,14.29,0.0,0.0,14.29,0.0,0.0,0.1016
0,50.0,0.0,0.0,0.0,0.0,0.0,0.0,0.0,0.0,0.0,0.0,0.0,0.0,0.0,0.0,0.0,0.0,50.0,0.0,0.0,0.0223
0,0.0,0.0,0.0,5.88,5.88,11.76,0.0,11.76,0.0,5.88,0.0,0.0,23.53,5.88,5.88,0.0,0.0,17.65,0.0,5.88,0.0804
1,0.0,0.0,16.67,0.0,0.0,0.0,0.0,0.0,16.67,0.0,0.0,16.67,33.33,0.0,0.0,0.0,16.67,0.0,0.0,0.0,0.0414
1,0.0,0.0,0.0,50.0,0.0,0.0,0.0,0.0,0.0,0.0,0.0,0.0,0.0,0.0,0.0,50.0,0.0,0.0,0.0,0.0,0.0675
1,0.0,0.0,0.0,0.0,0.0,0.0,0.0,0.0,0.0,50.0,0.0,0.0,0.0,0.0,0.0,0.0,0.0,50.0,0.0,0.0,0.004
0,0.0,0.0,0.0,0.0,0.0,0.0,0.0,0.0,0.0,50.0,0.0,0.0,0.0,0.0,0.0,0.0,0.0,50.0,0.0,0.0,0.004
1,0.0,0.0,0.0,20.0,0.0,20.0,0.0,0.0,0.0,0.0,0.0,0.0,0.0,0.0,0.0,0.0,20.0,40.0,0.0,0.0,0.0678
0,0.0,0.0,0.0,0.0,11.11,0.0,0.0,0.0,0.0,0.0,0.0,0.0,11.11,11.11,11.11,0.0,11.11,22.22,11.11,11.11,0.1212
1,12.5,0.0,0.0,25.0,0.0,12.5,0.0,0.0,12.5,12.5,0.0,12.5,0.0,0.0,0.0,12.5,0.0,0.0,0.0,0.0,0.0682
0,0.0,0.0,0.0,0.0,50.0,0.0,0.0,0.0,0.0,0.0,0.0,0.0,25.0,0.0,25.0,0.0,0.0,0.0,0.0,0.0,0.0974
1,0.0,33.33,0.0,0.0,0.0,66.67,0.0,0.0,0.0,0.0,0.0,0.0,0.0,0.0,0.0,0.0,0.0,0.0,0.0,0.0,0.0424
0,0.0,0.0,0.0,0.0,12.5,12.5,0.0,12.5,0.0,0.0,0.0,0.0,37.5,0.0,0.0,0.0,0.0,12.5,0.0,12.5,0.0668
0,0.0,0.0,0.0,0.0,0.0,0.0,0.0,0.0,0.0,50.0,0.0,0.0,0.0,0.0,0.0,0.0,0.0,0.0,50.0,0.0,0.1
0,0.0,0.0,0.0,0.0,0.0,33.33,0.0,0.0,0.0,66.67,0.0,0.0,0.0,0.0,0.0,0.0,0.0,0.0,0.0,0.0,0.0379
1,0.0,0.0,0.0,50.0,0.0,0.0,0.0,0.0,50.0,0.0,0.0,0.0,0.0,0.0,0.0,0.0,0.0,0.0,0.0,0.0,0.01
0,0.0,0.0,0.0,0.0,33.33,0.0,0.0,0.0,33.33,0.0,0.0,0.0,33.33,0.0,0.0,0.0,0.0,0.0,0.0,0.0,0.091
0,0.0,0.0,0.0,0.0,0.0,33.33,0.0,0.0,0.0,0.0,0.0,0.0,33.33,0.0,33.33,0.0,0.0,0.0,0.0,0.0,0.1162
0,0.0,0.0,0.0,0.0,0.0,0.0,0.0,0.0,50.0,0.0,0.0,0.0,50.0,0.0,0.0,0.0,0.0,0.0,0.0,0.0,0.0961
0,0.0,0.0,0.0,0.0,14.29,42.86,0.0,0.0,0.0,0.0,0.0,0.0,28.57,0.0,14.29,0.0,0.0,0.0,0.0,0.0,0.0962
0,0.0,0.0,0.0,0.0,20.0,20.0,0.0,0.0,0.0,0.0,0.0,0.0,40.0,0.0,20.0,0.0,0.0,0.0,0.0,0.0,0.1135
0,0.0,0.0,0.0,0.0,66.67,0.0,0.0,0.0,0.0,0.0,0.0,0.0,33.33,0.0,0.0,0.0,0.0,0.0,0.0,0.0,0.0857
0,0.0,0.0,0.0,0.0,0.0,0.0,0.0,0.0,0.0,100.0,0.0,0.0,0.0,0.0,0.0,0.0,0.0,0.0,0.0,0.0,0.0
0,0.0,0.0,0.0,0.0,10.0,10.0,10.0,10.0,0.0,0.0,0.0,10.0,30.0,0.0,0.0,0.0,0.0,10.0,0.0,10.0,0.0643
0,0.0,0.0,0.0,0.0,0.0,66.67,0.0,0.0,0.0,33.33,0.0,0.0,0.0,0.0,0.0,0.0,0.0,0.0,0.0,0.0,0.0379
0,0.0,0.0,0.0,0.0,0.0,0.0,0.0,50.0,0.0,0.0,0.0,0.0,0.0,0.0,0.0,50.0,0.0,0.0,0.0,0.0,0.0706
0,0.0,0.0,0.0,0.0,6.25,12.5,0.0,12.5,0.0,6.25,0.0,0.0,25.0,12.5,6.25,0.0,0.0,12.5,0.0,6.25,0.0807
1,0.0,0.0,100.0,0.0,0.0,0.0,0.0,0.0,0.0,0.0,0.0,0.0,0.0,0.0,0.0,0.0,0.0,0.0,0.0,0.0,0.0
0,0.0,0.0,0.0,0.0,0.0,50.0,0.0,0.0,0.0,0.0,0.0,0.0,50.0,0.0,0.0,0.0,0.0,0.0,0.0,0.0,0.0321
0,0.0,0.0,0.0,0.0,50.0,0.0,0.0,0.0,0.0,0.0,0.0,0.0,25.0,0.0,25.0,0.0,0.0,0.0,0.0,0.0,0.137
0,0.0,0.0,0.0,0.0,16.67,0.0,0.0,33.33,0.0,0.0,0.0,0.0,33.33,0.0,0.0,0.0,0.0,16.67,0.0,0.0,0.0459
0,0.0,0.0,0.0,0.0,0.0,50.0,0.0,0.0,0.0,0.0,0.0,0.0,0.0,0.0,0.0,0.0,0.0,0.0,0.0,50.0,0.1885
0,0.0,0.0,0.0,0.0,12.5,12.5,0.0,25.0,0.0,0.0,0.0,0.0,25.0,0.0,12.5,0.0,0.0,12.5,0.0,0.0,0.0719
1,0.0,0.0,0.0,33.33,0.0,33.33,0.0,0.0,0.0,0.0,0.0,0.0,0.0,0.0,0.0,33.33,0.0,0.0,0.0,0.0,0.0862
0,0.0,0.0,0.0,28.57,0.0,42.86,0.0,0.0,0.0,0.0,0.0,0.0,0.0,28.57,0.0,0.0,0.0,0.0,0.0,0.0,0.075
1,0.0,0.0,0.0,40.0,0.0,0.0,0.0,0.0,0.0,20.0,0.0,0.0,20.0,0.0,0.0,0.0,0.0,20.0,0.0,0.0,0.0651
0,0.0,0.0,0.0,0.0,0.0,80.0,0.0,0.0,0.0,20.0,0.0,0.0,0.0,0.0,0.0,0.0,0.0,0.0,0.0,0.0,0.0193
0,0.0,0.0,0.0,0.0,0.0,0.0,0.0,50.0,0.0,0.0,0.0,0.0,50.0,0.0,0.0,0.0,0.0,0.0,0.0,0.0,0.0452
0,0.0,0.0,0.0,0.0,11.11,33.33,0.0,11.11,0.0,0.0,0.0,0.0,22.22,0.0,11.11,0.0,0.0,11.11,0.0,0.0,0.0688
1,0.0,0.0,100.0,0.0,0.0,0.0,0.0,0.0,0.0,0.0,0.0,0.0,0.0,0.0,0.0,0.0,0.0,0.0,0.0,0.0,0.0
1,0.0,0.0,0.0,0.0,0.0,33.33,0.0,0.0,0.0,33.33,0.0,0.0,0.0,0.0,0.0,0.0,0.0,33.33,0.0,0.0,0.026
1,0.0,0.0,33.33,66.67,0.0,0.0,0.0,0.0,0.0,0.0,0.0,0.0,0.0,0.0,0.0,0.0,0.0,0.0,0.0,0.0,0.002
0,0.0,0.0,0.0,0.0,40.0,0.0,0.0,0.0,0.0,0.0,0.0,0.0,20.0,0.0,40.0,0.0,0.0,0.0,0.0,0.0,0.0748
1,0.0,0.0,0.0,33.33,33.33,33.33,0.0,0.0,0.0,0.0,0.0,0.0,0.0,0.0,0.0,0.0,0.0,0.0,0.0,0.0,0.1494
0,0.0,0.0,0.0,0.0,0.0,33.33,0.0,0.0,0.0,0.0,0.0,0.0,33.33,0.0,33.33,0.0,0.0,0.0,0.0,0.0,0.173
0,0.0,0.0,0.0,0.0,9.09,0.0,9.09,0.0,0.0,9.09,0.0,18.18,18.18,9.09,0.0,9.09,9.09,0.0,9.09,0.0,0.0575
0,0.0,0.0,8.33,0.0,8.33,0.0,0.0,0.0,0.0,8.33,0.0,25.0,8.33,25.0,8.33,0.0,8.33,0.0,0.0,0.0,0.0686
1,20.0,20.0,0.0,0.0,0.0,0.0,0.0,0.0,0.0,20.0,0.0,0.0,20.0,0.0,0.0,0.0,20.0,0.0,0.0,0.0,0.0246
1,0.0,0.0,66.67,33.33,0.0,0.0,0.0,0.0,0.0,0.0,0.0,0.0,0.0,0.0,0.0,0.0,0.0,0.0,0.0,0.0,0.004
0,0.0,0.0,0.0,10.0,0.0,10.0,0.0,0.0,0.0,40.0,0.0,0.0,0.0,10.0,10.0,0.0,0.0,0.0,0.0,20.0,0.1084
1,25.0,0.0,0.0,0.0,0.0,37.5,0.0,0.0,0.0,25.0,0.0,0.0,0.0,0.0,0.0,12.5,0.0,0.0,0.0,0.0,0.0302
1,0.0,0.0,0.0,100.0,0.0,0.0,0.0,0.0,0.0,0.0,0.0,0.0,0.0,0.0,0.0,0.0,0.0,0.0,0.0,0.0,0.0
0,14.29,0.0,0.0,14.29,14.29,0.0,0.0,0.0,0.0,14.29,0.0,0.0,14.29,0.0,0.0,0.0,0.0,0.0,0.0,28.57,0.0854
1,0.0,0.0,0.0,0.0,0.0,0.0,0.0,0.0,0.0,0.0,0.0,0.0,0.0,0.0,0.0,0.0,0.0,100.0,0.0,0.0,0.0
1,0.0,0.0,100.0,0.0,0.0,0.0,0.0,0.0,0.0,0.0,0.0,0.0,0.0,0.0,0.0,0.0,0.0,0.0,0.0,0.0,0.0
1,0.0,0.0,66.67,33.33,0.0,0.0,0.0,0.0,0.0,0.0,0.0,0.0,0.0,0.0,0.0,0.0,0.0,0.0,0.0,0.0,0.002
0,0.0,0.0,0.0,0.0,50.0,0.0,0.0,0.0,0.0,0.0,0.0,0.0,0.0,0.0,0.0,0.0,0.0,0.0,50.0,0.0,0.0332
0,0.0,0.0,0.0,0.0,0.0,50.0,0.0,0.0,0.0,0.0,0.0,0.0,50.0,0.0,0.0,0.0,0.0,0.0,0.0,0.0,0.0321
0,0.0,0.0,0.0,0.0,0.0,50.0,0.0,50.0,0.0,0.0,0.0,0.0,0.0,0.0,0.0,0.0,0.0,0.0,0.0,0.0,0.0802
0,0.0,0.0,0.0,0.0,7.14,14.29,0.0,7.14,0.0,7.14,0.0,0.0,28.57,14.29,7.14,0.0,0.0,14.29,0.0,0.0,0.0873
1,0.0,0.0,33.33,0.0,0.0,0.0,0.0,0.0,0.0,0.0,0.0,0.0,33.33,33.33,0.0,0.0,0.0,0.0,0.0,0.0,0.0473
1,50.0,0.0,0.0,50.0,0.0,0.0,0.0,0.0,0.0,0.0,0.0,0.0,0.0,0.0,0.0,0.0,0.0,0.0,0.0,0.0,0.1321
1,33.33,0.0,33.33,33.33,0.0,0.0,0.0,0.0,0.0,0.0,0.0,0.0,0.0,0.0,0.0,0.0,0.0,0.0,0.0,0.0,0.0646
0,0.0,0.0,0.0,0.0,7.14,14.29,0.0,14.29,0.0,7.14,0.0,0.0,28.57,0.0,7.14,0.0,0.0,21.43,0.0,0.0,0.0855
0,9.09,0.0,9.09,0.0,9.09,0.0,0.0,9.09,0.0,18.18,9.09,0.0,9.09,9.09,9.09,0.0,0.0,0.0,0.0,9.09,0.0668
0,0.0,0.0,0.0,0.0,50.0,0.0,0.0,0.0,0.0,0.0,0.0,0.0,0.0,0.0,0.0,0.0,0.0,0.0,0.0,50.0,0.0197
0,0.0,0.0,0.0,0.0,10.0,10.0,10.0,10.0,0.0,0.0,0.0,10.0,30.0,0.0,0.0,0.0,0.0,10.0,0.0,10.0,0.0642
0,0.0,0.0,0.0,0.0,16.67,16.67,0.0,16.67,0.0,0.0,0.0,0.0,33.33,0.0,0.0,0.0,0.0,16.67,0.0,0.0,0.0482
0,0.0,0.0,0.0,0.0,0.0,33.33,0.0,0.0,0.0,0.0,0.0,0.0,0.0,0.0,0.0,0.0,0.0,0.0,0.0,66.67,0.1885
0,0.0,0.0,0.0,0.0,0.0,0.0,0.0,0.0,0.0,33.33,0.0,0.0,33.33,0.0,33.33,0.0,0.0,0.0,0.0,0.0,0.231
1,12.5,0.0,12.5,25.0,0.0,12.5,0.0,0.0,12.5,12.5,0.0,0.0,0.0,0.0,0.0,12.5,0.0,0.0,0.0,0.0,0.0698
0,0.0,0.0,0.0,0.0,50.0,25.0,0.0,0.0,0.0,0.0,0.0,0.0,25.0,0.0,0.0,0.0,0.0,0.0,0.0,0.0,0.0406
0,0.0,0.0,0.0,0.0,0.0,0.0,0.0,0.0,0.0,0.0,0.0,0.0,0.0,0.0,0.0,0.0,0.0,100.0,0.0,0.0,0.0
1,0.0,0.0,0.0,50.0,0.0,0.0,0.0,0.0,0.0,0.0,0.0,0.0,0.0,0.0,0.0,0.0,0.0,50.0,0.0,0.0,0.1457
0,0.0,0.0,0.0,0.0,16.67,16.67,0.0,33.33,0.0,0.0,0.0,0.0,33.33,0.0,0.0,0.0,0.0,0.0,0.0,0.0,0.0509
0,0.0,0.0,0.0,0.0,0.0,0.0,0.0,0.0,0.0,0.0,0.0,0.0,0.0,0.0,0.0,0.0,0.0,0.0,100.0,0.0,0.0
0,0.0,0.0,0.0,0.0,50.0,50.0,0.0,0.0,0.0,0.0,0.0,0.0,0.0,0.0,0.0,0.0,0.0,0.0,0.0,0.0,0.1577
1,0.0,0.0,0.0,0.0,0.0,0.0,0.0,0.0,0.0,0.0,0.0,50.0,0.0,0.0,0.0,0.0,0.0,0.0,0.0,50.0,0.0848
1,0.0,0.0,0.0,60.0,0.0,0.0,0.0,0.0,0.0,20.0,0.0,0.0,0.0,20.0,0.0,0.0,0.0,0.0,0.0,0.0,0.0578
0,28.57,0.0,0.0,0.0,0.0,28.57,0.0,14.29,0.0,14.29,0.0,0.0,0.0,0.0,0.0,0.0,14.29,0.0,0.0,0.0,0.0348
1,0.0,0.0,0.0,33.33,0.0,0.0,0.0,0.0,0.0,0.0,0.0,0.0,0.0,0.0,0.0,50.0,16.67,0.0,0.0,0.0,0.0426
0,0.0,0.0,0.0,0.0,42.86,0.0,0.0,0.0,0.0,0.0,0.0,0.0,42.86,0.0,14.29,0.0,0.0,0.0,0.0,0.0,0.0512
1,0.0,0.0,33.33,0.0,0.0,0.0,0.0,0.0,0.0,0.0,0.0,0.0,0.0,0.0,33.33,0.0,0.0,33.33,0.0,0.0,0.1105
0,0.0,0.0,0.0,0.0,25.0,37.5,0.0,0.0,0.0,0.0,0.0,0.0,25.0,0.0,12.5,0.0,0.0,0.0,0.0,0.0,0.0836
0,0.0,0.0,0.0,0.0,0.0,50.0,0.0,50.0,0.0,0.0,0.0,0.0,0.0,0.0,0.0,0.0,0.0,0.0,0.0,0.0,0.0802
0,0.0,0.0,0.0,0.0,0.0,0.0,0.0,0.0,0.0,0.0,0.0,0.0,100.0,0.0,0.0,0.0,0.0,0.0,0.0,0.0,0.0
0,0.0,0.0,0.0,0.0,12.5,12.5,0.0,25.0,0.0,0.0,0.0,0.0,25.0,0.0,12.5,0.0,0.0,12.5,0.0,0.0,0.086
0,0.0,0.0,0.0,0.0,0.0,50.0,0.0,0.0,0.0,0.0,0.0,0.0,0.0,0.0,50.0,0.0,0.0,0.0,0.0,0.0,0.2781
1,0.0,0.0,50.0,0.0,0.0,0.0,0.0,0.0,0.0,50.0,0.0,0.0,0.0,0.0,0.0,0.0,0.0,0.0,0.0,0.0,0.1501
0,0.0,0.0,0.0,0.0,0.0,0.0,0.0,0.0,0.0,0.0,0.0,0.0,100.0,0.0,0.0,0.0,0.0,0.0,0.0,0.0,0.0
0,0.0,0.0,0.0,0.0,16.67,16.67,0.0,16.67,0.0,0.0,0.0,0.0,33.33,0.0,16.67,0.0,0.0,0.0,0.0,0.0,0.0969
1,0.0,0.0,0.0,0.0,0.0,50.0,0.0,0.0,0.0,0.0,0.0,25.0,25.0,0.0,0.0,0.0,0.0,0.0,0.0,0.0,0.0344
1,14.29,0.0,0.0,0.0,0.0,0.0,14.29,0.0,0.0,28.57,0.0,14.29,14.29,14.29,0.0,0.0,0.0,0.0,0.0,0.0,0.0632
1,0.0,0.0,0.0,16.67,0.0,16.67,0.0,0.0,0.0,0.0,0.0,16.67,0.0,0.0,0.0,0.0,16.67,33.33,0.0,0.0,0.0688
1,33.33,0.0,0.0,0.0,0.0,0.0,0.0,0.0,0.0,0.0,0.0,0.0,0.0,0.0,0.0,0.0,0.0,66.67,0.0,0.0,0.0223
0,0.0,0.0,0.0,0.0,11.11,0.0,0.0,0.0,0.0,11.11,0.0,22.22,22.22,11.11,0.0,11.11,11.11,0.0,0.0,0.0,0.0357
1,9.09,0.0,9.09,18.18,0.0,18.18,0.0,0.0,0.0,0.0,0.0,0.0,9.09,0.0,9.09,27.27,0.0,0.0,0.0,0.0,0.0811
0,0.0,0.0,0.0,0.0,16.67,33.33,0.0,0.0,0.0,0.0,0.0,0.0,33.33,0.0,16.67,0.0,0.0,0.0,0.0,0.0,0.1133
0,0.0,0.0,0.0,0.0,14.29,14.29,0.0,0.0,0.0,0.0,0.0,0.0,42.86,0.0,0.0,0.0,0.0,14.29,0.0,14.29,0.0645
0,0.0,0.0,0.0,0.0,25.0,0.0,0.0,25.0,0.0,0.0,0.0,0.0,25.0,0.0,0.0,0.0,0.0,25.0,0.0,0.0,0.0396
0,3.7,0.0,0.0,0.0,3.7,3.7,0.0,7.41,0.0,11.11,0.0,7.41,25.93,14.81,0.0,7.41,7.41,3.7,0.0,3.7,0.0445
1,12.5,0.0,12.5,25.0,0.0,12.5,0.0,0.0,12.5,12.5,0.0,0.0,0.0,0.0,0.0,12.5,0.0,0.0,0.0,0.0,0.0634
0,0.0,0.0,0.0,0.0,0.0,0.0,0.0,0.0,0.0,50.0,0.0,0.0,0.0,0.0,0.0,50.0,0.0,0.0,0.0,0.0,0.0569
1,0.0,0.0,11.11,0.0,0.0,22.22,0.0,0.0,0.0,22.22,0.0,0.0,22.22,0.0,11.11,0.0,11.11,0.0,0.0,0.0,0.0687
1,8.33,0.0,16.67,8.33,0.0,0.0,0.0,0.0,8.33,8.33,0.0,0.0,0.0,16.67,0.0,8.33,8.33,16.67,0.0,0.0,0.0634
1,50.0,0.0,50.0,0.0,0.0,0.0,0.0,0.0,0.0,0.0,0.0,0.0,0.0,0.0,0.0,0.0,0.0,0.0,0.0,0.0,0.1182
0,0.0,0.0,0.0,0.0,50.0,50.0,0.0,0.0,0.0,0.0,0.0,0.0,0.0,0.0,0.0,0.0,0.0,0.0,0.0,0.0,0.111
0,0.0,0.0,0.0,0.0,7.69,0.0,7.69,0.0,0.0,7.69,0.0,15.38,23.08,7.69,0.0,15.38,7.69,0.0,7.69,0.0,0.0525
0,0.0,0.0,0.0,0.0,0.0,0.0,0.0,0.0,0.0,0.0,0.0,0.0,50.0,0.0,50.0,0.0,0.0,0.0,0.0,0.0,0.1869
1,66.67,0.0,0.0,33.33,0.0,0.0,0.0,0.0,0.0,0.0,0.0,0.0,0.0,0.0,0.0,0.0,0.0,0.0,0.0,0.0,0.1321
0,0.0,0.0,0.0,0.0,0.0,0.0,0.0,50.0,0.0,0.0,0.0,0.0,50.0,0.0,0.0,0.0,0.0,0.0,0.0,0.0,0.0452
0,0.0,0.0,0.0,0.0,0.0,0.0,0.0,50.0,0.0,0.0,0.0,0.0,0.0,0.0,0.0,0.0,0.0,0.0,50.0,0.0,0.1037
1,0.0,0.0,0.0,50.0,0.0,0.0,0.0,0.0,0.0,0.0,0.0,0.0,0.0,0.0,0.0,0.0,0.0,50.0,0.0,0.0,0.1457
0,33.33,0.0,0.0,0.0,0.0,0.0,0.0,0.0,0.0,33.33,0.0,0.0,0.0,0.0,0.0,33.33,0.0,0.0,0.0,0.0,0.0495
0,0.0,0.0,0.0,0.0,0.0,66.67,0.0,0.0,0.0,33.33,0.0,0.0,0.0,0.0,0.0,0.0,0.0,0.0,0.0,0.0,0.0379
0,12.5,0.0,0.0,0.0,0.0,0.0,0.0,0.0,12.5,0.0,0.0,0.0,37.5,12.5,0.0,0.0,0.0,12.5,0.0,12.5,0.0651
0,0.0,0.0,0.0,0.0,0.0,0.0,0.0,0.0,11.11,11.11,0.0,0.0,22.22,22.22,0.0,11.11,0.0,22.22,0.0,0.0,0.0579
0,0.0,0.0,0.0,0.0,0.0,25.0,0.0,25.0,0.0,0.0,0.0,0.0,25.0,0.0,12.5,0.0,0.0,12.5,0.0,0.0,0.0713
0,0.0,0.0,0.0,0.0,0.0,0.0,0.0,100.0,0.0,0.0,0.0,0.0,0.0,0.0,0.0,0.0,0.0,0.0,0.0,0.0,0.0
0,0.0,0.0,0.0,0.0,14.29,14.29,0.0,14.29,0.0,0.0,0.0,0.0,28.57,0.0,14.29,0.0,0.0,14.29,0.0,0.0,0.099
0,0.0,0.0,0.0,0.0,16.67,16.67,0.0,16.67,0.0,0.0,0.0,0.0,33.33,0.0,0.0,0.0,0.0,16.67,0.0,0.0,0.0304
1,14.29,0.0,14.29,0.0,0.0,0.0,0.0,0.0,0.0,14.29,14.29,14.29,0.0,0.0,0.0,28.57,0.0,0.0,0.0,0.0,0.0602
0,0.0,0.0,0.0,14.29,28.57,0.0,0.0,0.0,0.0,14.29,0.0,0.0,14.29,0.0,14.29,0.0,0.0,0.0,0.0,14.29,0.1149
0,0.0,0.0,0.0,0.0,0.0,0.0,0.0,50.0,0.0,0.0,0.0,0.0,0.0,0.0,0.0,0.0,50.0,0.0,0.0,0.0,0.0456
0,0.0,0.0,0.0,0.0,0.0,0.0,0.0,50.0,0.0,0.0,0.0,50.0,0.0,0.0,0.0,0.0,0.0,0.0,0.0,0.0,0.0916
0,0.0,0.0,0.0,0.0,14.29,14.29,0.0,14.29,0.0,0.0,0.0,0.0,28.57,0.0,14.29,0.0,0.0,14.29,0.0,0.0,0.0829
0,0.0,0.0,0.0,0.0,37.5,0.0,0.0,0.0,0.0,0.0,0.0,0.0,37.5,0.0,25.0,0.0,0.0,0.0,0.0,0.0,0.0442
1,0.0,0.0,0.0,75.0,0.0,0.0,0.0,0.0,0.0,0.0,0.0,0.0,0.0,25.0,0.0,0.0,0.0,0.0,0.0,0.0,0.0123
0,0.0,0.0,0.0,0.0,0.0,33.33,0.0,0.0,0.0,0.0,0.0,0.0,66.67,0.0,0.0,0.0,0.0,0.0,0.0,0.0,0.0163
1,0.0,0.0,0.0,100.0,0.0,0.0,0.0,0.0,0.0,0.0,0.0,0.0,0.0,0.0,0.0,0.0,0.0,0.0,0.0,0.0,0.0
1,0.0,0.0,20.0,40.0,0.0,20.0,0.0,0.0,20.0,0.0,0.0,0.0,0.0,0.0,0.0,0.0,0.0,0.0,0.0,0.0,0.0801
0,0.0,0.0,0.0,0.0,33.33,66.67,0.0,0.0,0.0,0.0,0.0,0.0,0.0,0.0,0.0,0.0,0.0,0.0,0.0,0.0,0.0856
1,0.0,0.0,0.0,0.0,0.0,0.0,0.0,0.0,0.0,50.0,0.0,0.0,0.0,50.0,0.0,0.0,0.0,0.0,0.0,0.0,0.0801
0,0.0,0.0,0.0,0.0,25.0,0.0,0.0,0.0,0.0,0.0,0.0,0.0,25.0,0.0,0.0,0.0,0.0,25.0,0.0,25.0,0.0873
1,0.0,0.0,0.0,25.0,0.0,0.0,0.0,0.0,0.0,50.0,0.0,0.0,0.0,25.0,0.0,0.0,0.0,0.0,0.0,0.0,0.0895
0,0.0,0.0,0.0,0.0,0.0,50.0,0.0,0.0,0.0,0.0,0.0,0.0,0.0,0.0,0.0,0.0,0.0,50.0,0.0,0.0,0.0471
0,0.0,0.0,0.0,0.0,50.0,0.0,0.0,0.0,0.0,50.0,0.0,0.0,0.0,0.0,0.0,0.0,0.0,0.0,0.0,0.0,0.0233
0,0.0,0.0,0.0,0.0,50.0,0.0,0.0,0.0,0.0,0.0,0.0,0.0,25.0,0.0,25.0,0.0,0.0,0.0,0.0,0.0,0.0974
1,0.0,0.0,0.0,33.33,0.0,66.67,0.0,0.0,0.0,0.0,0.0,0.0,0.0,0.0,0.0,0.0,0.0,0.0,0.0,0.0,0.1409
0,0.0,0.0,0.0,0.0,100.0,0.0,0.0,0.0,0.0,0.0,0.0,0.0,0.0,0.0,0.0,0.0,0.0,0.0,0.0,0.0,0.0
1,0.0,0.0,0.0,0.0,0.0,0.0,0.0,0.0,0.0,0.0,0.0,0.0,33.33,0.0,0.0,0.0,0.0,33.33,0.0,33.33,0.061
0,0.0,0.0,0.0,0.0,14.29,42.86,0.0,0.0,0.0,0.0,0.0,0.0,28.57,0.0,14.29,0.0,0.0,0.0,0.0,0.0,0.1044
0,0.0,0.0,0.0,0.0,50.0,50.0,0.0,0.0,0.0,0.0,0.0,0.0,0.0,0.0,0.0,0.0,0.0,0.0,0.0,0.0,0.1577
1,0.0,50.0,0.0,0.0,0.0,0.0,0.0,0.0,0.0,0.0,50.0,0.0,0.0,0.0,0.0,0.0,0.0,0.0,0.0,0.0,0.0167
1,0.0,0.0,0.0,40.0,0.0,0.0,0.0,20.0,0.0,20.0,0.0,20.0,0.0,0.0,0.0,0.0,0.0,0.0,0.0,0.0,0.1122
0,4.55,0.0,4.55,0.0,9.09,4.55,4.55,9.09,4.55,4.55,0.0,4.55,18.18,13.64,0.0,4.55,4.55,4.55,0.0,4.55,0.0668
0,0.0,0.0,0.0,0.0,10.0,10.0,0.0,20.0,0.0,0.0,0.0,0.0,30.0,0.0,10.0,0.0,0.0,20.0,0.0,0.0,0.1065
0,0.0,0.0,0.0,0.0,7.69,7.69,7.69,0.0,0.0,7.69,0.0,23.08,23.08,7.69,0.0,0.0,0.0,7.69,7.69,0.0,0.0679
0,0.0,0.0,0.0,0.0,0.0,12.5,0.0,25.0,12.5,0.0,0.0,0.0,25.0,0.0,12.5,0.0,0.0,12.5,0.0,0.0,0.089
0,0.0,0.0,0.0,0.0,33.33,66.67,0.0,0.0,0.0,0.0,0.0,0.0,0.0,0.0,0.0,0.0,0.0,0.0,0.0,0.0,0.0697
0,0.0,0.0,0.0,0.0,0.0,33.33,0.0,0.0,0.0,33.33,0.0,0.0,0.0,0.0,0.0,0.0,0.0,0.0,0.0,33.33,0.0642
0,0.0,0.0,0.0,0.0,50.0,0.0,0.0,0.0,0.0,0.0,0.0,0.0,50.0,0.0,0.0,0.0,0.0,0.0,0.0,0.0,0.0857
0,2.56,0.0,2.56,0.0,5.13,2.56,2.56,7.69,2.56,7.69,0.0,7.69,20.51,12.82,0.0,5.13,7.69,10.26,0.0,2.56,0.0493
0,0.0,0.0,0.0,0.0,0.0,66.67,0.0,0.0,0.0,0.0,0.0,0.0,33.33,0.0,0.0,0.0,0.0,0.0,0.0,0.0,0.0163
0,0.0,0.0,0.0,0.0,0.0,50.0,0.0,0.0,0.0,0.0,0.0,0.0,0.0,0.0,0.0,0.0,0.0,0.0,0.0,50.0,0.1885
0,0.0,0.0,0.0,0.0,0.0,0.0,0.0,0.0,0.0,100.0,0.0,0.0,0.0,0.0,0.0,0.0,0.0,0.0,0.0,0.0,0.0
0,0.0,0.0,0.0,0.0,25.0,25.0,0.0,0.0,0.0,0.0,0.0,0.0,50.0,0.0,0.0,0.0,0.0,0.0,0.0,0.0,0.0406
0,0.0,0.0,0.0,20.0,0.0,0.0,0.0,0.0,0.0,60.0,0.0,0.0,0.0,20.0,0.0,0.0,0.0,0.0,0.0,0.0,0.0687
0,0.0,0.0,0.0,0.0,0.0,0.0,0.0,33.33,0.0,0.0,0.0,0.0,66.67,0.0,0.0,0.0,0.0,0.0,0.0,0.0,0.0452
0,0.0,0.0,0.0,0.0,0.0,66.67,0.0,0.0,0.0,0.0,0.0,0.0,0.0,0.0,0.0,0.0,0.0,0.0,0.0,33.33,0.1885
1,0.0,16.67,0.0,0.0,0.0,16.67,0.0,0.0,0.0,16.67,0.0,16.67,16.67,0.0,16.67,0.0,0.0,0.0,0.0,0.0,0.0843
0,25.0,0.0,25.0,25.0,0.0,0.0,0.0,0.0,0.0,0.0,0.0,0.0,25.0,0.0,0.0,0.0,0.0,0.0,0.0,0.0,0.0701
1,0.0,0.0,33.33,0.0,0.0,0.0,0.0,0.0,0.0,0.0,0.0,0.0,0.0,0.0,0.0,0.0,0.0,66.67,0.0,0.0,0.1448
1,0.0,0.0,0.0,66.67,0.0,0.0,0.0,0.0,0.0,0.0,0.0,33.33,0.0,0.0,0.0,0.0,0.0,0.0,0.0,0.0,0.0396
1,0.0,0.0,0.0,22.22,0.0,0.0,0.0,0.0,0.0,22.22,11.11,0.0,0.0,0.0,11.11,22.22,11.11,0.0,0.0,0.0,0.0512
0,0.0,0.0,0.0,0.0,0.0,0.0,0.0,0.0,0.0,50.0,0.0,0.0,0.0,0.0,0.0,0.0,0.0,0.0,50.0,0.0,0.1
0,0.0,0.0,50.0,0.0,0.0,0.0,0.0,0.0,0.0,50.0,0.0,0.0,0.0,0.0,0.0,0.0,0.0,0.0,0.0,0.0,0.1501
0,0.0,0.0,0.0,0.0,16.67,16.67,0.0,16.67,0.0,0.0,0.0,0.0,50.0,0.0,0.0,0.0,0.0,0.0,0.0,0.0,0.0568
0,0.0,0.0,0.0,50.0,0.0,0.0,0.0,0.0,0.0,0.0,0.0,0.0,0.0,0.0,0.0,0.0,0.0,0.0,50.0,0.0,0.2282
0,0.0,0.0,0.0,0.0,0.0,16.67,0.0,0.0,0.0,16.67,0.0,0.0,33.33,0.0,0.0,0.0,0.0,33.33,0.0,0.0,0.0328
0,0.0,0.0,0.0,0.0,33.33,33.33,0.0,0.0,0.0,0.0,0.0,0.0,16.67,0.0,16.67,0.0,0.0,0.0,0.0,0.0,0.0826
0,0.0,0.0,0.0,0.0,0.0,33.33,0.0,0.0,0.0,0.0,0.0,0.0,0.0,0.0,0.0,0.0,0.0,0.0,0.0,66.67,0.1041
0,0.0,0.0,0.0,0.0,66.67,33.33,0.0,0.0,0.0,0.0,0.0,0.0,0.0,0.0,0.0,0.0,0.0,0.0,0.0,0.0,0.0856
